14307.0 3857.0 31.57 51.05
14307.0 3752.0 31.57 51.05
14308.0 806.0 31.57 51.05
14305.0 3767.0 31.57 50.98
14307.0 3727.0 31.57 51.05
14305.0 3797.0 31.57 50.95
14305.0 3768.0 31.57 50.98
14305.0 3842.0 31.57 51.01
14305.0 3766.0 31.57 50.98
14305.0 783.0 31.57 50.92
14306.0 3802.0 31.57 50.98
14305.0 3729.0 31.57 50.98
14305.0 3708.0 31.57 51.01
14305.0 3676.0 31.57 50.95
14307.0 3775.0 31.57 50.92
14307.0 3692.0 31.57 50.98
14306.0 3752.0 31.57 50.95
14306.0 3727.0 31.57 50.88
14305.0 3671.0 31.57 50.92
14305.0 3779.0 31.57 50.88
14307.0 3813.0 31.57 50.88
14305.0 3698.0 31.57 50.92
14305.0 3741.0 31.57 50.88
14305.0 3697.0 31.57 50.85
14306.0 3647.0 31.57 50.82
14305.0 3738.0 31.57 50.85
14305.0 3788.0 31.57 50.82
14305.0 3713.0 31.57 50.85
14305.0 3755.0 31.57 50.85
14306.0 3804.0 31.57 50.92
14305.0 3831.0 31.57 50.98
14305.0 3779.0 31.57 50.92
14305.0 3781.0 31.57 50.85
14305.0 3709.0 31.57 50.88
14305.0 3726.0 31.57 50.92
14305.0 3769.0 31.57 50.88
14307.0 3691.0 31.57 50.92
14305.0 3772.0 31.57 50.92
14306.0 3700.0 31.57 50.95
14308.0 3789.0 31.57 50.92
14306.0 3733.0 31.57 50.98
14306.0 3826.0 31.57 50.88
14307.0 3807.0 31.57 50.79
14307.0 3768.0 31.57 50.85
14306.0 3722.0 31.57 50.85
14307.0 3722.0 31.57 50.88
14306.0 3843.0 31.57 50.85
14306.0 676.0 31.57 50.88
14306.0 3902.0 31.57 50.98
14307.0 3724.0 31.57 50.88
14306.0 3811.0 31.57 50.88
14306.0 3765.0 31.57 50.88
14306.0 3751.0 31.57 50.72
14306.0 810.0 31.57 50.85
14305.0 3770.0 31.57 50.66
14305.0 3778.0 31.57 50.79
14306.0 3765.0 31.57 50.72
14306.0 3237.0 31.57 50.82
14306.0 3840.0 31.57 50.98
14306.0 850.0 31.57 50.85
14304.0 3727.0 31.57 51.08
14306.0 3829.0 31.57 51.08
14306.0 3738.0 31.57 50.92
14306.0 3794.0 31.57 51.05
14306.0 3815.0 31.57 51.05
14305.0 3770.0 31.57 50.85
14304.0 3773.0 31.57 50.92
14306.0 3736.0 31.57 50.79
14304.0 3797.0 31.57 50.79
14304.0 3813.0 31.57 50.79
14305.0 3651.0 31.57 50.85
14304.0 3170.0 31.57 50.92
14305.0 3765.0 31.57 50.85
14304.0 3776.0 31.57 50.98
14305.0 3848.0 31.57 50.98
14305.0 3774.0 31.57 51.05
14304.0 3706.0 31.57 51.05
14305.0 3824.0 31.57 51.01
14305.0 3759.0 31.57 50.98
14305.0 3834.0 31.57 50.98
14304.0 3801.0 31.57 51.08
14305.0 3872.0 31.57 50.79
14304.0 3762.0 31.57 51.05
14304.0 3677.0 31.57 51.05
14304.0 3812.0 31.57 50.98
14304.0 3705.0 31.57 50.95
14304.0 3786.0 31.57 51.05
14305.0 3810.0 31.57 51.11
14305.0 3827.0 31.57 50.95
14303.0 3167.0 31.57 51.05
14303.0 3761.0 31.57 50.98
14305.0 3785.0 31.57 50.95
14305.0 3811.0 31.57 51.14
14304.0 3780.0 31.57 51.05
14303.0 3667.0 31.57 50.98
14304.0 3799.0 31.57 50.98
14304.0 3753.0 31.57 50.79
14305.0 3784.0 31.57 51.01
14305.0 3673.0 31.57 50.98
14304.0 797.0 31.57 50.92
14304.0 3720.0 31.57 50.92
14304.0 3714.0 31.57 50.95
14304.0 3711.0 31.57 51.05
14304.0 3768.0 31.57 51.05
14305.0 3742.0 31.57 51.11
14305.0 3739.0 31.57 51.24
14306.0 3799.0 31.57 51.17
14304.0 3766.0 31.57 51.21
14306.0 3741.0 31.57 51.27
14305.0 3875.0 31.57 51.34
14305.0 3804.0 31.57 51.14
14304.0 3698.0 31.57 51.01
14303.0 3801.0 31.57 51.17
14304.0 3715.0 31.57 51.24
14304.0 3816.0 31.57 51.14
14305.0 3719.0 31.57 51.27
14304.0 3777.0 31.57 51.11
14304.0 3780.0 31.57 51.24
14304.0 3764.0 31.57 51.27
14305.0 3856.0 31.57 51.24
14304.0 3762.0 31.57 51.24
14304.0 3810.0 31.57 51.08
14304.0 3767.0 31.57 51.17
14304.0 3820.0 31.57 51.17
14306.0 3802.0 31.57 51.01
14304.0 3723.0 31.57 51.21
14304.0 3812.0 31.57 51.17
14305.0 3743.0 31.57 51.08
14305.0 3728.0 31.57 51.05
14305.0 3724.0 31.57 51.01
14304.0 3801.0 31.57 51.69
14304.0 3795.0 31.57 51.63
14304.0 3823.0 31.57 51.63
14303.0 715.0 31.57 51.69
14303.0 3776.0 31.57 51.69
14303.0 3787.0 31.57 51.63
14303.0 3701.0 31.57 51.5
14303.0 3821.0 31.57 51.66
14305.0 3739.0 31.57 51.66
14305.0 822.0 31.57 51.59
14302.0 3772.0 31.57 51.56
14303.0 3748.0 31.57 51.56
14301.0 3745.0 31.57 53.01
14302.0 3790.0 31.57 52.98
14302.0 3777.0 31.57 53.08
14302.0 3705.0 31.57 53.05
14303.0 3754.0 31.57 53.08
14303.0 3730.0 31.57 53.08
14302.0 3831.0 31.57 53.17
14302.0 3291.0 31.57 53.11
14301.0 3757.0 31.57 53.11
14302.0 3720.0 31.57 52.98
14302.0 3718.0 31.57 52.98
14303.0 3762.0 31.57 53.11
14301.0 3747.0 31.57 53.21
14301.0 3806.0 31.57 53.24
14301.0 3713.0 31.57 53.21
14296.0 3625.0 31.57 54.14
14296.0 3628.0 31.57 53.56
